
==================== SETTINGS ====================
Title of the simualation              : coarse-mesh
Name of the minf file                 : ./coarse-mesh/minf
Name of the mxyz file                 : ./coarse-mesh/mxyz
Name of the mien file                 : ./coarse-mesh/mien
Name of the mrng file                 : mrng
Name of the initial distribution file : data
Initial value of the Temperature      : 0.0000e+00
Diffusion coefficient                 : 1.0000e+00
Source term                           : 3.1830e+04
Number of maximum time steps          : 200000
Time step size                        : 2.0000e-06
Alpha coeffcient                      : 2.0000e+00
Beta coeffcient                       : 1.0000e+00
                                         BCType	BCValue1	BCValue2
BC Type and values of face group 1      : 1	3.0000e+02	0.0000e+00
BC Type and values of face group 2      : 1	3.0000e+02	0.0000e+00
BC Type and values of face group 3      : 1	3.0000e+02	0.0000e+00
BC Type and values of face group 4      : 1	3.0000e+02	0.0000e+00

====================== MESH ======================
> Number of mesh elements : 7200
> Number of nodes : 3721
> File read complete: minf
> Mesh data structure is created.
> File read complete: ./coarse-mesh/mxyz
> File read complete: ./coarse-mesh/mien

=================== SOLUTION =====================
nnSolved: 3481
The initial error is: 1.1085e+00
Iter	Time	L2 Error	
0	0.00000	1.00000e+00
1000	0.00200	6.05059e-02
2000	0.00400	3.61287e-02
3000	0.00600	2.66937e-02
4000	0.00800	2.15293e-02
5000	0.01000	1.82212e-02
6000	0.01200	1.59029e-02
7000	0.01400	1.41836e-02
8000	0.01600	1.28593e-02
9000	0.01800	1.18102e-02
10000	0.02000	1.09593e-02
11000	0.02200	1.02540e-02
12000	0.02400	9.65681e-03
13000	0.02600	9.14072e-03
14000	0.02800	8.68607e-03
15000	0.03000	8.27857e-03
16000	0.03200	7.90783e-03
17000	0.03400	7.56630e-03
18000	0.03600	7.24851e-03
19000	0.03800	6.95043e-03
20000	0.04000	6.66910e-03
21000	0.04200	6.40234e-03
22000	0.04400	6.14848e-03
23000	0.04600	5.90627e-03
24000	0.04800	5.67470e-03
25000	0.05000	5.45299e-03
26000	0.05200	5.24049e-03
27000	0.05400	5.03665e-03
28000	0.05600	4.84101e-03
29000	0.05800	4.65316e-03
30000	0.06000	4.47273e-03
31000	0.06200	4.29939e-03
32000	0.06400	4.13284e-03
33000	0.06600	3.97278e-03
34000	0.06800	3.81895e-03
35000	0.07000	3.67110e-03
36000	0.07200	3.52899e-03
37000	0.07400	3.39240e-03
38000	0.07600	3.26110e-03
39000	0.07800	3.13488e-03
40000	0.08000	3.01356e-03
41000	0.08200	2.89693e-03
42000	0.08400	2.78482e-03
43000	0.08600	2.67704e-03
44000	0.08800	2.57344e-03
45000	0.09000	2.47385e-03
46000	0.09200	2.37812e-03
47000	0.09400	2.28609e-03
48000	0.09600	2.19762e-03
49000	0.09800	2.11257e-03
50000	0.10000	2.03082e-03
51000	0.10200	1.95223e-03
52000	0.10400	1.87668e-03
53000	0.10600	1.80406e-03
54000	0.10800	1.73424e-03
55000	0.11000	1.66713e-03
56000	0.11200	1.60262e-03
57000	0.11400	1.54060e-03
58000	0.11600	1.48098e-03
59000	0.11800	1.42367e-03
60000	0.12000	1.36857e-03
61000	0.12200	1.31561e-03
62000	0.12400	1.26470e-03
63000	0.12600	1.21576e-03
64000	0.12800	1.16871e-03
65000	0.13000	1.12348e-03
66000	0.13200	1.08000e-03
67000	0.13400	1.03821e-03
68000	0.13600	9.98033e-04
69000	0.13800	9.59410e-04
70000	0.14000	9.22282e-04
71000	0.14200	8.86592e-04
72000	0.14400	8.52282e-04
73000	0.14600	8.19300e-04
74000	0.14800	7.87594e-04
75000	0.15000	7.57115e-04
76000	0.15200	7.27816e-04
77000	0.15400	6.99651e-04
78000	0.15600	6.72575e-04
79000	0.15800	6.46548e-04
80000	0.16000	6.21527e-04
81000	0.16200	5.97475e-04
82000	0.16400	5.74354e-04
83000	0.16600	5.52127e-04
84000	0.16800	5.30761e-04
85000	0.17000	5.10221e-04
86000	0.17200	4.90476e-04
87000	0.17400	4.71496e-04
88000	0.17600	4.53249e-04
89000	0.17800	4.35709e-04
90000	0.18000	4.18848e-04
91000	0.18200	4.02639e-04
92000	0.18400	3.87058e-04
93000	0.18600	3.72079e-04
94000	0.18800	3.57680e-04
95000	0.19000	3.43839e-04
96000	0.19200	3.30533e-04
97000	0.19400	3.17741e-04
98000	0.19600	3.05445e-04
99000	0.19800	2.93625e-04
100000	0.20000	2.82262e-04
101000	0.20200	2.71339e-04
102000	0.20400	2.60839e-04
103000	0.20600	2.50745e-04
104000	0.20800	2.41041e-04
105000	0.21000	2.31713e-04
106000	0.21200	2.22746e-04
107000	0.21400	2.14126e-04
108000	0.21600	2.05840e-04
109000	0.21800	1.97874e-04
110000	0.22000	1.90217e-04
111000	0.22200	1.82856e-04
112000	0.22400	1.75780e-04
113000	0.22600	1.68977e-04
114000	0.22800	1.62438e-04
115000	0.23000	1.56152e-04
116000	0.23200	1.50109e-04
117000	0.23400	1.44300e-04
118000	0.23600	1.38716e-04
119000	0.23800	1.33348e-04
120000	0.24000	1.28187e-04
121000	0.24200	1.23227e-04
122000	0.24400	1.18458e-04
123000	0.24600	1.13874e-04
124000	0.24800	1.09467e-04
125000	0.25000	1.05231e-04
126000	0.25200	1.01159e-04
127000	0.25400	9.72440e-05
128000	0.25600	9.34808e-05
129000	0.25800	8.98632e-05
130000	0.26000	8.63856e-05
131000	0.26200	8.30426e-05
132000	0.26400	7.98290e-05
133000	0.26600	7.67398e-05
134000	0.26800	7.37700e-05
135000	0.27000	7.09153e-05
136000	0.27200	6.81709e-05
137000	0.27400	6.55328e-05
138000	0.27600	6.29968e-05
139000	0.27800	6.05589e-05
140000	0.28000	5.82154e-05
141000	0.28200	5.59625e-05
142000	0.28400	5.37969e-05
143000	0.28600	5.17150e-05
144000	0.28800	4.97137e-05
145000	0.29000	4.77899e-05
146000	0.29200	4.59405e-05
147000	0.29400	4.41627e-05
148000	0.29600	4.24536e-05
149000	0.29800	4.08107e-05
150000	0.30000	3.92314e-05
151000	0.30200	3.77132e-05
152000	0.30400	3.62538e-05
153000	0.30600	3.48508e-05
154000	0.30800	3.35021e-05
155000	0.31000	3.22057e-05
156000	0.31200	3.09593e-05
157000	0.31400	2.97613e-05
158000	0.31600	2.86096e-05
159000	0.31800	2.75024e-05
160000	0.32000	2.64381e-05
161000	0.32200	2.54150e-05
162000	0.32400	2.44315e-05
163000	0.32600	2.34860e-05
164000	0.32800	2.25771e-05
165000	0.33000	2.17034e-05
166000	0.33200	2.08635e-05
167000	0.33400	2.00562e-05
168000	0.33600	1.92800e-05
169000	0.33800	1.85339e-05
170000	0.34000	1.78167e-05
171000	0.34200	1.71272e-05
172000	0.34400	1.64644e-05
173000	0.34600	1.58273e-05
174000	0.34800	1.52148e-05
175000	0.35000	1.46260e-05
176000	0.35200	1.40600e-05
177000	0.35400	1.35159e-05
178000	0.35600	1.29928e-05
179000	0.35800	1.24900e-05
180000	0.36000	1.20067e-05
181000	0.36200	1.15420e-05
182000	0.36400	1.10954e-05
183000	0.36600	1.06660e-05
184000	0.36800	1.02532e-05
185000	0.37000	9.85646e-06
186000	0.37200	9.47503e-06
187000	0.37400	9.10836e-06
188000	0.37600	8.75588e-06
189000	0.37800	8.41704e-06
190000	0.38000	8.09132e-06
191000	0.38200	7.77819e-06
192000	0.38400	7.47719e-06
193000	0.38600	7.18783e-06
194000	0.38800	6.90967e-06
195000	0.39000	6.64228e-06
196000	0.39200	6.38523e-06
197000	0.39400	6.13814e-06
198000	0.39600	5.90060e-06
199000	0.39800	5.67226e-06
Out of the TIME loop ...
Total Solver Time = 1.06293e+01

================ POST-PROCESSING =================
Tmin 1.00000e+00
Tmax 4.00000e+00
RMS error 1.53146e-01
coarse-mesh.vtu
Elapsed time is 10.69987 seconds
