
==================== SETTINGS ====================
Title of the simualation              : medium-mesh
Name of the minf file                 : ./medium-mesh/minf
Name of the mxyz file                 : ./medium-mesh/mxyz
Name of the mien file                 : ./medium-mesh/mien
Name of the mrng file                 : mrng
Name of the initial distribution file : data
Initial value of the Temperature      : 0.0000e+00
Diffusion coefficient                 : 1.0000e+00
Source term                           : 3.1830e+04
Number of maximum time steps          : 200000
Time step size                        : 2.0000e-06
Alpha coeffcient                      : 2.0000e+00
Beta coeffcient                       : 1.0000e+00
                                         BCType	BCValue1	BCValue2
BC Type and values of face group 1      : 1	3.0000e+02	0.0000e+00
BC Type and values of face group 2      : 1	3.0000e+02	0.0000e+00
BC Type and values of face group 3      : 1	3.0000e+02	0.0000e+00
BC Type and values of face group 4      : 1	3.0000e+02	0.0000e+00

====================== MESH ======================
> Number of mesh elements : 45000
> Number of nodes : 22801
> File read complete: minf
> Mesh data structure is created.
> File read complete: ./medium-mesh/mxyz
> File read complete: ./medium-mesh/mien

=================== SOLUTION =====================
K: 5.0000e-01	K: -5.0000e-01	K: 0.0000e+00	
K: -5.0000e-01	K: 1.0000e+00	K: -5.0000e-01	
K: 0.0000e+00	K: -5.0000e-01	K: 5.0000e-01	
M: 7.4074e-06
M: 7.4074e-06
M: 7.4074e-06
F: -4.4444e-05
F: -4.4444e-05
F: -4.4444e-05
nnSolved: 22201
The initial error is: 4.3550e+00
Iter	Time	L2 Error	
0	0.00000	1.00000e+00
1000	0.00200	1.53446e-02
2000	0.00400	9.13247e-03
3000	0.00600	6.74024e-03
4000	0.00800	5.43330e-03
5000	0.01000	4.59694e-03
6000	0.01200	4.01113e-03
7000	0.01400	3.57684e-03
8000	0.01600	3.24241e-03
9000	0.01800	2.97758e-03
10000	0.02000	2.76286e-03
11000	0.02200	2.58493e-03
12000	0.02400	2.43433e-03
13000	0.02600	2.30420e-03
14000	0.02800	2.18958e-03
15000	0.03000	2.08686e-03
16000	0.03200	1.99341e-03
17000	0.03400	1.90732e-03
18000	0.03600	1.82721e-03
19000	0.03800	1.75207e-03
20000	0.04000	1.68116e-03
21000	0.04200	1.61391e-03
22000	0.04400	1.54991e-03
23000	0.04600	1.48884e-03
24000	0.04800	1.43046e-03
25000	0.05000	1.37456e-03
26000	0.05200	1.32099e-03
27000	0.05400	1.26960e-03
28000	0.05600	1.22027e-03
29000	0.05800	1.17291e-03
30000	0.06000	1.12742e-03
31000	0.06200	1.08371e-03
32000	0.06400	1.04172e-03
33000	0.06600	1.00137e-03
34000	0.06800	9.62585e-04
35000	0.07000	9.25310e-04
36000	0.07200	8.89483e-04
37000	0.07400	8.55045e-04
38000	0.07600	8.21942e-04
39000	0.07800	7.90123e-04
40000	0.08000	7.59536e-04
41000	0.08200	7.30134e-04
42000	0.08400	7.01871e-04
43000	0.08600	6.74702e-04
44000	0.08800	6.48584e-04
45000	0.09000	6.23478e-04
46000	0.09200	5.99344e-04
47000	0.09400	5.76145e-04
48000	0.09600	5.53843e-04
49000	0.09800	5.32405e-04
50000	0.10000	5.11796e-04
51000	0.10200	4.91985e-04
52000	0.10400	4.72941e-04
53000	0.10600	4.54635e-04
54000	0.10800	4.37037e-04
55000	0.11000	4.20120e-04
56000	0.11200	4.03858e-04
57000	0.11400	3.88225e-04
58000	0.11600	3.73198e-04
59000	0.11800	3.58752e-04
60000	0.12000	3.44865e-04
61000	0.12200	3.31516e-04
62000	0.12400	3.18684e-04
63000	0.12600	3.06348e-04
64000	0.12800	2.94490e-04
65000	0.13000	2.83091e-04
66000	0.13200	2.72133e-04
67000	0.13400	2.61599e-04
68000	0.13600	2.51473e-04
69000	0.13800	2.41739e-04
70000	0.14000	2.32382e-04
71000	0.14200	2.23386e-04
72000	0.14400	2.14740e-04
73000	0.14600	2.06427e-04
74000	0.14800	1.98437e-04
75000	0.15000	1.90756e-04
76000	0.15200	1.83372e-04
77000	0.15400	1.76274e-04
78000	0.15600	1.69451e-04
79000	0.15800	1.62892e-04
80000	0.16000	1.56586e-04
81000	0.16200	1.50525e-04
82000	0.16400	1.44699e-04
83000	0.16600	1.39098e-04
84000	0.16800	1.33713e-04
85000	0.17000	1.28538e-04
86000	0.17200	1.23562e-04
87000	0.17400	1.18779e-04
88000	0.17600	1.14182e-04
89000	0.17800	1.09762e-04
90000	0.18000	1.05513e-04
91000	0.18200	1.01429e-04
92000	0.18400	9.75027e-05
93000	0.18600	9.37286e-05
94000	0.18800	9.01005e-05
95000	0.19000	8.66129e-05
96000	0.19200	8.32603e-05
97000	0.19400	8.00374e-05
98000	0.19600	7.69393e-05
99000	0.19800	7.39611e-05
100000	0.20000	7.10982e-05
101000	0.20200	6.83461e-05
102000	0.20400	6.57006e-05
103000	0.20600	6.31574e-05
104000	0.20800	6.07127e-05
105000	0.21000	5.83626e-05
106000	0.21200	5.61035e-05
107000	0.21400	5.39319e-05
108000	0.21600	5.18443e-05
109000	0.21800	4.98375e-05
110000	0.22000	4.79083e-05
111000	0.22200	4.60539e-05
112000	0.22400	4.42712e-05
113000	0.22600	4.25576e-05
114000	0.22800	4.09102e-05
115000	0.23000	3.93267e-05
116000	0.23200	3.78044e-05
117000	0.23400	3.63411e-05
118000	0.23600	3.49344e-05
119000	0.23800	3.35821e-05
120000	0.24000	3.22822e-05
121000	0.24200	3.10326e-05
122000	0.24400	2.98314e-05
123000	0.24600	2.86767e-05
124000	0.24800	2.75667e-05
125000	0.25000	2.64996e-05
126000	0.25200	2.54739e-05
127000	0.25400	2.44878e-05
128000	0.25600	2.35399e-05
129000	0.25800	2.26288e-05
130000	0.26000	2.17528e-05
131000	0.26200	2.09108e-05
132000	0.26400	2.01014e-05
133000	0.26600	1.93233e-05
134000	0.26800	1.85753e-05
135000	0.27000	1.78563e-05
136000	0.27200	1.71651e-05
137000	0.27400	1.65007e-05
138000	0.27600	1.58620e-05
139000	0.27800	1.52480e-05
140000	0.28000	1.46578e-05
141000	0.28200	1.40904e-05
142000	0.28400	1.35450e-05
143000	0.28600	1.30207e-05
144000	0.28800	1.25167e-05
145000	0.29000	1.20322e-05
146000	0.29200	1.15664e-05
147000	0.29400	1.11187e-05
148000	0.29600	1.06883e-05
149000	0.29800	1.02746e-05
150000	0.30000	9.87690e-06
151000	0.30200	9.49458e-06
152000	0.30400	9.12707e-06
153000	0.30600	8.77377e-06
154000	0.30800	8.43416e-06
155000	0.31000	8.10768e-06
156000	0.31200	7.79385e-06
157000	0.31400	7.49217e-06
158000	0.31600	7.20216e-06
159000	0.31800	6.92337e-06
160000	0.32000	6.65538e-06
161000	0.32200	6.39777e-06
162000	0.32400	6.15012e-06
163000	0.32600	5.91206e-06
164000	0.32800	5.68321e-06
165000	0.33000	5.46323e-06
166000	0.33200	5.25176e-06
167000	0.33400	5.04847e-06
168000	0.33600	4.85305e-06
169000	0.33800	4.66520e-06
170000	0.34000	4.48462e-06
171000	0.34200	4.31103e-06
172000	0.34400	4.14415e-06
173000	0.34600	3.98374e-06
174000	0.34800	3.82954e-06
175000	0.35000	3.68130e-06
176000	0.35200	3.53881e-06
177000	0.35400	3.40183e-06
178000	0.35600	3.27015e-06
179000	0.35800	3.14357e-06
180000	0.36000	3.02188e-06
181000	0.36200	2.90491e-06
182000	0.36400	2.79247e-06
183000	0.36600	2.68438e-06
184000	0.36800	2.58047e-06
185000	0.37000	2.48058e-06
186000	0.37200	2.38457e-06
187000	0.37400	2.29226e-06
188000	0.37600	2.20353e-06
189000	0.37800	2.11824e-06
190000	0.38000	2.03625e-06
191000	0.38200	1.95743e-06
192000	0.38400	1.88166e-06
193000	0.38600	1.80882e-06
194000	0.38800	1.73881e-06
195000	0.39000	1.67150e-06
196000	0.39200	1.60680e-06
197000	0.39400	1.54460e-06
198000	0.39600	1.48481e-06
199000	0.39800	1.42734e-06

================ POST-PROCESSING =================
Tmin 1.00000e+00
Tmax 4.00000e+00
RMS error 1.51366e-01
medium-mesh.vtu
Elapsed time is 156.96000 seconds
