
==================== SETTINGS ====================
Title of the simualation              : fine-mesh
Name of the minf file                 : ./fine-mesh/minf
Name of the mxyz file                 : ./fine-mesh/mxyz
Name of the mien file                 : ./fine-mesh/mien
Name of the mrng file                 : mrng
Name of the initial distribution file : data
Initial value of the Temperature      : 0.0000e+00
Diffusion coefficient                 : 1.0000e+00
Source term                           : 3.1830e+04
Number of maximum time steps          : 200000
Time step size                        : 2.0000e-06
Alpha coeffcient                      : 2.0000e+00
Beta coeffcient                       : 1.0000e+00
                                         BCType	BCValue1	BCValue2
BC Type and values of face group 1      : 1	3.0000e+02	0.0000e+00
BC Type and values of face group 2      : 1	3.0000e+02	0.0000e+00
BC Type and values of face group 3      : 1	3.0000e+02	0.0000e+00
BC Type and values of face group 4      : 1	3.0000e+02	0.0000e+00

====================== MESH ======================
> Number of mesh elements : 180000
> Number of nodes : 90601
> File read complete: minf
> Mesh data structure is created.
> File read complete: ./fine-mesh/mxyz
> File read complete: ./fine-mesh/mien

=================== SOLUTION =====================
nnSolved: 89401
The initial error is: 1.2293e+01
Iter	Time	L2 Error	
0	0.00000	1.00000e+00
1000	0.00200	5.42285e-03
2000	0.00400	3.22597e-03
3000	0.00600	2.38057e-03
4000	0.00800	1.91883e-03
5000	0.01000	1.62339e-03
6000	0.01200	1.41646e-03
7000	0.01400	1.26307e-03
8000	0.01600	1.14495e-03
9000	0.01800	1.05142e-03
10000	0.02000	9.75589e-04
11000	0.02200	9.12756e-04
12000	0.02400	8.59572e-04
13000	0.02600	8.13623e-04
14000	0.02800	7.73150e-04
15000	0.03000	7.36878e-04
16000	0.03200	7.03880e-04
17000	0.03400	6.73483e-04
18000	0.03600	6.45197e-04
19000	0.03800	6.18665e-04
20000	0.04000	5.93623e-04
21000	0.04200	5.69877e-04
22000	0.04400	5.47279e-04
23000	0.04600	5.25716e-04
24000	0.04800	5.05101e-04
25000	0.05000	4.85363e-04
26000	0.05200	4.66444e-04
27000	0.05400	4.48297e-04
28000	0.05600	4.30880e-04
29000	0.05800	4.14156e-04
30000	0.06000	3.98092e-04
31000	0.06200	3.82660e-04
32000	0.06400	3.67832e-04
33000	0.06600	3.53583e-04
34000	0.06800	3.39888e-04
35000	0.07000	3.26726e-04
36000	0.07200	3.14075e-04
37000	0.07400	3.01914e-04
38000	0.07600	2.90226e-04
39000	0.07800	2.78990e-04
40000	0.08000	2.68189e-04
41000	0.08200	2.57807e-04
42000	0.08400	2.47827e-04
43000	0.08600	2.38233e-04
44000	0.08800	2.29011e-04
45000	0.09000	2.20146e-04
46000	0.09200	2.11624e-04
47000	0.09400	2.03432e-04
48000	0.09600	1.95558e-04
49000	0.09800	1.87988e-04
50000	0.10000	1.80711e-04
51000	0.10200	1.73715e-04
52000	0.10400	1.66991e-04
53000	0.10600	1.60527e-04
54000	0.10800	1.54313e-04
55000	0.11000	1.48339e-04
56000	0.11200	1.42597e-04
57000	0.11400	1.37077e-04
58000	0.11600	1.31771e-04
59000	0.11800	1.26670e-04
60000	0.12000	1.21767e-04
61000	0.12200	1.17053e-04
62000	0.12400	1.12522e-04
63000	0.12600	1.08167e-04
64000	0.12800	1.03980e-04
65000	0.13000	9.99546e-05
66000	0.13200	9.60854e-05
67000	0.13400	9.23660e-05
68000	0.13600	8.87905e-05
69000	0.13800	8.53535e-05
70000	0.14000	8.20495e-05
71000	0.14200	7.88734e-05
72000	0.14400	7.58202e-05
73000	0.14600	7.28852e-05
74000	0.14800	7.00639e-05
75000	0.15000	6.73517e-05
76000	0.15200	6.47446e-05
77000	0.15400	6.22383e-05
78000	0.15600	5.98291e-05
79000	0.15800	5.75132e-05
80000	0.16000	5.52869e-05
81000	0.16200	5.31467e-05
82000	0.16400	5.10894e-05
83000	0.16600	4.91118e-05
84000	0.16800	4.72107e-05
85000	0.17000	4.53832e-05
86000	0.17200	4.36264e-05
87000	0.17400	4.19377e-05
88000	0.17600	4.03143e-05
89000	0.17800	3.87537e-05
90000	0.18000	3.72536e-05
91000	0.18200	3.58115e-05
92000	0.18400	3.44253e-05
93000	0.18600	3.30927e-05
94000	0.18800	3.18117e-05
95000	0.19000	3.05802e-05
96000	0.19200	2.93965e-05
97000	0.19400	2.82586e-05
98000	0.19600	2.71647e-05
99000	0.19800	2.61132e-05
100000	0.20000	2.51023e-05
101000	0.20200	2.41306e-05
102000	0.20400	2.31965e-05
103000	0.20600	2.22986e-05
104000	0.20800	2.14354e-05
105000	0.21000	2.06057e-05
106000	0.21200	1.98081e-05
107000	0.21400	1.90413e-05
108000	0.21600	1.83042e-05
109000	0.21800	1.75957e-05
110000	0.22000	1.69145e-05
111000	0.22200	1.62598e-05
112000	0.22400	1.56304e-05
113000	0.22600	1.50253e-05
114000	0.22800	1.44437e-05
115000	0.23000	1.38846e-05
116000	0.23200	1.33471e-05
117000	0.23400	1.28305e-05
118000	0.23600	1.23338e-05
119000	0.23800	1.18564e-05
120000	0.24000	1.13974e-05
121000	0.24200	1.09562e-05
122000	0.24400	1.05321e-05
123000	0.24600	1.01244e-05
124000	0.24800	9.73251e-06
125000	0.25000	9.35577e-06
126000	0.25200	8.99361e-06
127000	0.25400	8.64547e-06
128000	0.25600	8.31081e-06
129000	0.25800	7.98910e-06
130000	0.26000	7.67984e-06
131000	0.26200	7.38256e-06
132000	0.26400	7.09679e-06
133000	0.26600	6.82207e-06
134000	0.26800	6.55799e-06
135000	0.27000	6.30413e-06
136000	0.27200	6.06010e-06
